10000 87.852 379.748 3.724 146.029 2.459 2.275 2.817
50000 2084.6 10924 22.103 3767.01 15.56 13.644 15.682
100000 8199.55 45077.7 47.625 15045.8 34.282 28.38 32.901
150000 18400.1 102737 74.808 33986.1 53.328 44.832 50.969
200000 32856.9 183118 102.87 60198.7 76.631 63.814 68.289
250000 51032.9 286341 131.365 94132.4 92.455 79.708 86.866
300000 73359.2 411972 160.78 135754 116.74 101.481 105.02
400000 131285 732881 221.397 240781 166.467 143.532 141.434
500000 204248 978511 199.661 252862 123.661 118.304 115.552
600000 233182 1.29941e+06 213.532 357304 174.546 189.037 183.081
700000 270456 1.5824e+06 277.144 539379 209.141 206.335 189.957
800000 384623 2.08813e+06 317.638 702613 252.725 240.183 200.463
900000 487465 2.62901e+06 363.684 873699 309.469 321.208 249.172
